0.17280348 -0.042513363 0.9840384 -0.032235 -0.04340693 0.9977687 0.050729092 -0.173467 -0.9839994 -0.05148025 0.17057253 -0.765527
0.43519753 -0.24927029 0.86514014 0.018692 -0.011295651 0.9593218 0.28208873 -0.446408 -0.90026414 -0.13253663 0.4146788 -0.915166
0.48624998 -0.0846439 0.8697105 0.063361 0.02388741 0.996213 0.08360036 -0.250761 -0.8734932 -0.01987554 0.4864305 -1.08596
